could not get driver version for /dev/input/mouse0, Not a typewriter
add device 1: /dev/input/event0
  name:     "qwerty2"
could not get driver version for /dev/input/mice, Not a typewriter
[    4334.892478] /dev/input/event0: 0003 0000 000000ec
[    4334.892669] /dev/input/event0: 0003 0001 00000086
[    4334.892823] /dev/input/event0: 0001 014a 00000001
[    4334.892951] /dev/input/event0: 0000 0000 00000000
[    4335.003993] /dev/input/event0: 0003 0001 0000008a
[    4335.004042] /dev/input/event0: 0000 0000 00000000
[    4335.004081] /dev/input/event0: 0003 0001 0000008e
[    4335.004096] /dev/input/event0: 0000 0000 00000000
[    4335.020299] /dev/input/event0: 0003 0001 00000090
[    4335.020690] /dev/input/event0: 0000 0000 00000000
[    4335.020758] /dev/input/event0: 0003 0001 00000096
[    4335.020775] /dev/input/event0: 0000 0000 00000000
[    4335.035928] /dev/input/event0: 0003 0001 00000099
[    4335.035960] /dev/input/event0: 0000 0000 00000000
[    4335.035992] /dev/input/event0: 0003 0000 000000ea
[    4335.036000] /dev/input/event0: 0003 0001 0000009d
[    4335.036014] /dev/input/event0: 0000 0000 00000000
[    4335.051961] /dev/input/event0: 0003 0001 000000a1
[    4335.051993] /dev/input/event0: 0000 0000 00000000
[    4335.052056] /dev/input/event0: 0003 0001 000000a7
[    4335.052071] /dev/input/event0: 0000 0000 00000000
[    4335.067776] /dev/input/event0: 0003 0001 000000ab
[    4335.067808] /dev/input/event0: 0000 0000 00000000
[    4335.067844] /dev/input/event0: 0003 0001 000000af
[    4335.067859] /dev/input/event0: 0000 0000 00000000
[    4335.083788] /dev/input/event0: 0003 0000 000000e8
[    4335.083812] /dev/input/event0: 0003 0001 000000b2
[    4335.083834] /dev/input/event0: 0000 0000 00000000
[    4335.083871] /dev/input/event0: 0003 0001 000000b6
[    4335.083886] /dev/input/event0: 0000 0000 00000000
[    4335.099754] /dev/input/event0: 0003 0001 000000ba
[    4335.099793] /dev/input/event0: 0000 0000 00000000
[    4335.099832] /dev/input/event0: 0003 0001 000000be
[    4335.099847] /dev/input/event0: 0000 0000 00000000
[    4335.115805] /dev/input/event0: 0003 0001 000000c0
[    4335.115839] /dev/input/event0: 0000 0000 00000000
[    4335.115880] /dev/input/event0: 0003 0000 000000e6
[    4335.115889] /dev/input/event0: 0003 0001 000000c4
[    4335.115913] /dev/input/event0: 0000 0000 00000000
[    4335.131797] /dev/input/event0: 0003 0001 000000c8
[    4335.131841] /dev/input/event0: 0000 0000 00000000
[    4335.131880] /dev/input/event0: 0003 0001 000000cb
[    4335.131895] /dev/input/event0: 0000 0000 00000000
[    4335.147712] /dev/input/event0: 0003 0001 000000cd
[    4335.147748] /dev/input/event0: 0000 0000 00000000
[    4335.147785] /dev/input/event0: 0003 0001 000000d1
[    4335.147800] /dev/input/event0: 0000 0000 00000000
[    4335.163680] /dev/input/event0: 0003 0001 000000d5
[    4335.163711] /dev/input/event0: 0000 0000 00000000
[    4335.163748] /dev/input/event0: 0003 0001 000000d9
[    4335.163763] /dev/input/event0: 0000 0000 00000000
[    4335.179733] /dev/input/event0: 0003 0001 000000db
[    4335.179764] /dev/input/event0: 0000 0000 00000000
[    4335.179807] /dev/input/event0: 0003 0001 000000df
[    4335.179822] /dev/input/event0: 0000 0000 00000000
[    4335.195736] /dev/input/event0: 0003 0001 000000e1
[    4335.195775] /dev/input/event0: 0000 0000 00000000
[    4335.195815] /dev/input/event0: 0003 0001 000000e4
[    4335.195833] /dev/input/event0: 0000 0000 00000000
[    4335.211704] /dev/input/event0: 0003 0001 000000e6
[    4335.211737] /dev/input/event0: 0000 0000 00000000
[    4335.211771] /dev/input/event0: 0003 0000 000000e4
[    4335.211780] /dev/input/event0: 0003 0001 000000ea
[    4335.211795] /dev/input/event0: 0000 0000 00000000
[    4335.227642] /dev/input/event0: 0003 0001 000000ec
[    4335.227687] /dev/input/event0: 0000 0000 00000000
[    4335.227725] /dev/input/event0: 0003 0001 000000f0
[    4335.227739] /dev/input/event0: 0000 0000 00000000
[    4335.244420] /dev/input/event0: 0003 0001 000000f4
[    4335.244449] /dev/input/event0: 0000 0000 00000000
[    4335.244490] /dev/input/event0: 0003 0001 000000f8
[    4335.244505] /dev/input/event0: 0000 0000 00000000
[    4335.261619] /dev/input/event0: 0003 0001 000000fb
[    4335.261652] /dev/input/event0: 0000 0000 00000000
[    4335.261690] /dev/input/event0: 0003 0001 000000ff
[    4335.261705] /dev/input/event0: 0000 0000 00000000
[    4335.278643] /dev/input/event0: 0003 0001 00000103
[    4335.278680] /dev/input/event0: 0000 0000 00000000
[    4335.278719] /dev/input/event0: 0003 0001 00000109
[    4335.278734] /dev/input/event0: 0000 0000 00000000
[    4335.278783] /dev/input/event0: 0003 0000 000000e2
[    4335.278792] /dev/input/event0: 0003 0001 0000010b
[    4335.278806] /dev/input/event0: 0000 0000 00000000
[    4335.295639] /dev/input/event0: 0003 0001 00000111
[    4335.295671] /dev/input/event0: 0000 0000 00000000
[    4335.295710] /dev/input/event0: 0003 0001 00000114
[    4335.295725] /dev/input/event0: 0000 0000 00000000
[    4335.312686] /dev/input/event0: 0003 0001 00000116
[    4335.312721] /dev/input/event0: 0000 0000 00000000
[    4335.312769] /dev/input/event0: 0003 0001 0000011a
[    4335.312784] /dev/input/event0: 0000 0000 00000000
[    4335.329540] /dev/input/event0: 0003 0001 0000011e
[    4335.329580] /dev/input/event0: 0000 0000 00000000
[    4335.329619] /dev/input/event0: 0003 0001 00000120
[    4335.329634] /dev/input/event0: 0000 0000 00000000
[    4335.346577] /dev/input/event0: 0003 0001 00000124
[    4335.346612] /dev/input/event0: 0000 0000 00000000
[    4335.346651] /dev/input/event0: 0003 0001 00000128
[    4335.346666] /dev/input/event0: 0000 0000 00000000
[    4335.363582] /dev/input/event0: 0003 0001 0000012a
[    4335.363619] /dev/input/event0: 0000 0000 00000000
[    4335.363660] /dev/input/event0: 0003 0001 0000012d
[    4335.363675] /dev/input/event0: 0000 0000 00000000
[    4335.380528] /dev/input/event0: 0003 0001 00000131
[    4335.380557] /dev/input/event0: 0000 0000 00000000
[    4335.380596] /dev/input/event0: 0003 0001 00000135
[    4335.380611] /dev/input/event0: 0000 0000 00000000
[    4335.397473] /dev/input/event0: 0003 0001 00000137
[    4335.397524] /dev/input/event0: 0000 0000 00000000
[    4335.397573] /dev/input/event0: 0003 0001 00000139
[    4335.397588] /dev/input/event0: 0000 0000 00000000
[    4335.414611] /dev/input/event0: 0003 0001 0000013d
[    4335.414647] /dev/input/event0: 0000 0000 00000000
[    4335.414689] /dev/input/event0: 0003 0001 00000141
[    4335.414705] /dev/input/event0: 0000 0000 00000000
[    4335.431499] /dev/input/event0: 0003 0001 00000143
[    4335.431530] /dev/input/event0: 0000 0000 00000000
[    4335.431567] /dev/input/event0: 0003 0001 00000146
[    4335.431582] /dev/input/event0: 0000 0000 00000000
[    4335.431601] /dev/input/event0: 0003 0001 00000148
[    4335.431614] /dev/input/event0: 0000 0000 00000000
[    4335.448449] /dev/input/event0: 0003 0001 0000014a
[    4335.448482] /dev/input/event0: 0000 0000 00000000
[    4335.448525] /dev/input/event0: 0003 0001 0000014e
[    4335.448540] /dev/input/event0: 0000 0000 00000000
[    4335.465442] /dev/input/event0: 0003 0001 00000152
[    4335.465476] /dev/input/event0: 0000 0000 00000000
[    4335.465516] /dev/input/event0: 0003 0001 00000154
[    4335.465531] /dev/input/event0: 0000 0000 00000000
[    4335.482421] /dev/input/event0: 0003 0001 00000156
[    4335.482450] /dev/input/event0: 0000 0000 00000000
[    4335.482486] /dev/input/event0: 0003 0001 0000015a
[    4335.482500] /dev/input/event0: 0000 0000 00000000
[    4335.499363] /dev/input/event0: 0003 0001 0000015e
[    4335.499393] /dev/input/event0: 0000 0000 00000000
[    4335.499436] /dev/input/event0: 0003 0001 00000161
[    4335.499450] /dev/input/event0: 0000 0000 00000000
[    4335.516369] /dev/input/event0: 0003 0000 000000e4
[    4335.516399] /dev/input/event0: 0003 0001 00000163
[    4335.516424] /dev/input/event0: 0000 0000 00000000
[    4335.516466] /dev/input/event0: 0003 0001 00000167
[    4335.516482] /dev/input/event0: 0000 0000 00000000
[    4335.533341] /dev/input/event0: 0003 0001 00000169
[    4335.533375] /dev/input/event0: 0000 0000 00000000
[    4335.533413] /dev/input/event0: 0003 0001 0000016b
[    4335.533428] /dev/input/event0: 0000 0000 00000000
[    4335.550420] /dev/input/event0: 0003 0001 0000016d
[    4335.550447] /dev/input/event0: 0000 0000 00000000
[    4335.550486] /dev/input/event0: 0003 0001 00000171
[    4335.550501] /dev/input/event0: 0000 0000 00000000
[    4335.550519] /dev/input/event0: 0003 0001 00000173
[    4335.550532] /dev/input/event0: 0000 0000 00000000
[    4335.567312] /dev/input/event0: 0003 0001 00000175
[    4335.567347] /dev/input/event0: 0000 0000 00000000
[    4335.567386] /dev/input/event0: 0003 0001 00000177
[    4335.567401] /dev/input/event0: 0000 0000 00000000
[    4335.584259] /dev/input/event0: 0003 0001 0000017a
[    4335.584289] /dev/input/event0: 0000 0000 00000000
[    4335.584328] /dev/input/event0: 0003 0001 0000017c
[    4335.584343] /dev/input/event0: 0000 0000 00000000
[    4335.601294] /dev/input/event0: 0003 0001 0000017e
[    4335.601331] /dev/input/event0: 0000 0000 00000000
[    4335.601370] /dev/input/event0: 0003 0000 000000e6
[    4335.601379] /dev/input/event0: 0003 0001 00000180
[    4335.601402] /dev/input/event0: 0000 0000 00000000
[    4335.618311] /dev/input/event0: 0003 0001 00000182
[    4335.618355] /dev/input/event0: 0000 0000 00000000
[    4335.618391] /dev/input/event0: 0003 0001 00000184
[    4335.618406] /dev/input/event0: 0000 0000 00000000
[    4335.635277] /dev/input/event0: 0003 0001 00000186
[    4335.635309] /dev/input/event0: 0000 0000 00000000
[    4335.635347] /dev/input/event0: 0003 0001 00000188
[    4335.635362] /dev/input/event0: 0000 0000 00000000
[    4335.651032] /dev/input/event0: 0003 0000 000000e8
[    4335.651065] /dev/input/event0: 0000 0000 00000000
[    4335.667350] /dev/input/event0: 0003 0001 0000018a
[    4335.667385] /dev/input/event0: 0000 0000 00000000
[    4335.667422] /dev/input/event0: 0003 0001 0000018c
[    4335.667437] /dev/input/event0: 0000 0000 00000000
[    4335.684227] /dev/input/event0: 0003 0001 0000018e
[    4335.684258] /dev/input/event0: 0000 0000 00000000
[    4335.700185] /dev/input/event0: 0003 0001 00000190
[    4335.700212] /dev/input/event0: 0000 0000 00000000
[    4335.716204] /dev/input/event0: 0003 0001 00000191
[    4335.716239] /dev/input/event0: 0000 0000 00000000
[    4335.732124] /dev/input/event0: 0003 0001 00000193
[    4335.732155] /dev/input/event0: 0000 0000 00000000
[    4335.940127] /dev/input/event0: 0001 014a 00000000
[    4335.940173] /dev/input/event0: 0000 0000 00000000
[    4339.463726] /dev/input/event0: 0003 0000 0000010b
[    4339.463748] /dev/input/event0: 0003 0001 0000008c
[    4339.463771] /dev/input/event0: 0001 014a 00000001
[    4339.463809] /dev/input/event0: 0000 0000 00000000
[    4339.565277] /dev/input/event0: 0003 0000 0000010d
[    4339.565318] /dev/input/event0: 0000 0000 00000000
[    4339.565353] /dev/input/event0: 0003 0000 0000010f
[    4339.565371] /dev/input/event0: 0000 0000 00000000
[    4339.582329] /dev/input/event0: 0003 0000 00000113
[    4339.582378] /dev/input/event0: 0000 0000 00000000
[    4339.582411] /dev/input/event0: 0003 0000 00000116
[    4339.582432] /dev/input/event0: 0000 0000 00000000
[    4339.599281] /dev/input/event0: 0003 0000 0000011a
[    4339.599332] /dev/input/event0: 0000 0000 00000000
[    4339.599365] /dev/input/event0: 0003 0000 00000120
[    4339.599383] /dev/input/event0: 0000 0000 00000000
[    4339.616304] /dev/input/event0: 0003 0000 00000124
[    4339.616346] /dev/input/event0: 0000 0000 00000000
[    4339.616380] /dev/input/event0: 0003 0000 0000012a
[    4339.616398] /dev/input/event0: 0000 0000 00000000
[    4339.633252] /dev/input/event0: 0003 0000 00000131
[    4339.633275] /dev/input/event0: 0003 0001 0000008a
[    4339.633296] /dev/input/event0: 0000 0000 00000000
[    4339.633329] /dev/input/event0: 0003 0000 00000135
[    4339.633348] /dev/input/event0: 0000 0000 00000000
[    4339.649251] /dev/input/event0: 0003 0000 0000013b
[    4339.649303] /dev/input/event0: 0000 0000 00000000
[    4339.649337] /dev/input/event0: 0003 0000 0000013f
[    4339.649360] /dev/input/event0: 0000 0000 00000000
[    4339.666201] /dev/input/event0: 0003 0000 00000143
[    4339.666239] /dev/input/event0: 0000 0000 00000000
[    4339.666265] /dev/input/event0: 0003 0000 00000146
[    4339.666284] /dev/input/event0: 0000 0000 00000000
[    4339.682171] /dev/input/event0: 0003 0000 0000014a
[    4339.682261] /dev/input/event0: 0000 0000 00000000
[    4339.682293] /dev/input/event0: 0003 0000 0000014e
[    4339.682311] /dev/input/event0: 0000 0000 00000000
[    4339.698169] /dev/input/event0: 0003 0000 00000152
[    4339.698274] /dev/input/event0: 0000 0000 00000000
[    4339.698311] /dev/input/event0: 0003 0000 00000156
[    4339.698330] /dev/input/event0: 0000 0000 00000000
[    4339.714141] /dev/input/event0: 0003 0000 0000015a
[    4339.714212] /dev/input/event0: 0000 0000 00000000
[    4339.714268] /dev/input/event0: 0003 0000 0000015e
[    4339.714289] /dev/input/event0: 0000 0000 00000000
[    4339.736249] /dev/input/event0: 0003 0000 00000161
[    4339.736288] /dev/input/event0: 0000 0000 00000000
[    4339.736328] /dev/input/event0: 0003 0000 00000165
[    4339.736346] /dev/input/event0: 0000 0000 00000000
[    4339.736371] /dev/input/event0: 0003 0000 00000169
[    4339.736407] /dev/input/event0: 0000 0000 00000000
[    4339.752152] /dev/input/event0: 0003 0000 0000016d
[    4339.752193] /dev/input/event0: 0000 0000 00000000
[    4339.752228] /dev/input/event0: 0003 0000 0000016f
[    4339.752246] /dev/input/event0: 0000 0000 00000000
[    4339.768080] /dev/input/event0: 0003 0000 00000173
[    4339.768127] /dev/input/event0: 0000 0000 00000000
[    4339.768162] /dev/input/event0: 0003 0000 00000177
[    4339.768180] /dev/input/event0: 0000 0000 00000000
[    4339.784084] /dev/input/event0: 0003 0000 0000017c
[    4339.784127] /dev/input/event0: 0000 0000 00000000
[    4339.784164] /dev/input/event0: 0003 0000 00000180
[    4339.784182] /dev/input/event0: 0000 0000 00000000
[    4339.800039] /dev/input/event0: 0003 0000 00000184
[    4339.800085] /dev/input/event0: 0000 0000 00000000
[    4339.800119] /dev/input/event0: 0003 0000 0000018a
[    4339.800136] /dev/input/event0: 0000 0000 00000000
[    4339.816100] /dev/input/event0: 0003 0000 0000018e
[    4339.816148] /dev/input/event0: 0000 0000 00000000
[    4339.816182] /dev/input/event0: 0003 0000 00000191
[    4339.816200] /dev/input/event0: 0000 0000 00000000
[    4339.832091] /dev/input/event0: 0003 0000 00000195
[    4339.832130] /dev/input/event0: 0000 0000 00000000
[    4339.832160] /dev/input/event0: 0003 0000 00000199
[    4339.832178] /dev/input/event0: 0000 0000 00000000
[    4339.848042] /dev/input/event0: 0003 0000 0000019d
[    4339.848090] /dev/input/event0: 0000 0000 00000000
[    4339.848124] /dev/input/event0: 0003 0000 0000019f
[    4339.848143] /dev/input/event0: 0000 0000 00000000
[    4339.863990] /dev/input/event0: 0003 0000 000001a5
[    4339.864031] /dev/input/event0: 0000 0000 00000000
[    4339.864064] /dev/input/event0: 0003 0000 000001a7
[    4339.864082] /dev/input/event0: 0000 0000 00000000
[    4339.879985] /dev/input/event0: 0003 0000 000001ac
[    4339.880032] /dev/input/event0: 0000 0000 00000000
[    4339.880067] /dev/input/event0: 0003 0000 000001ae
[    4339.880085] /dev/input/event0: 0000 0000 00000000
[    4339.900491] /dev/input/event0: 0003 0000 000001b4
[    4339.900555] /dev/input/event0: 0000 0000 00000000
[    4339.900594] /dev/input/event0: 0003 0000 000001ba
[    4339.900628] /dev/input/event0: 0000 0000 00000000
[    4339.916954] /dev/input/event0: 0003 0000 000001c0
[    4339.917004] /dev/input/event0: 0000 0000 00000000
[    4339.917038] /dev/input/event0: 0003 0000 000001c3
[    4339.917056] /dev/input/event0: 0000 0000 00000000
[    4339.932991] /dev/input/event0: 0003 0000 000001c9
[    4339.933034] /dev/input/event0: 0000 0000 00000000
[    4339.933065] /dev/input/event0: 0003 0000 000001cd
[    4339.933083] /dev/input/event0: 0000 0000 00000000
[    4339.948967] /dev/input/event0: 0003 0000 000001d1
[    4339.949007] /dev/input/event0: 0000 0000 00000000
[    4339.949042] /dev/input/event0: 0003 0000 000001d5
[    4339.949061] /dev/input/event0: 0000 0000 00000000
[    4339.964887] /dev/input/event0: 0003 0000 000001db
[    4339.964936] /dev/input/event0: 0000 0000 00000000
[    4339.964970] /dev/input/event0: 0003 0000 000001de
[    4339.964988] /dev/input/event0: 0000 0000 00000000
[    4339.980993] /dev/input/event0: 0003 0000 000001e0
[    4339.981031] /dev/input/event0: 0000 0000 00000000
[    4339.981066] /dev/input/event0: 0003 0000 000001e4
[    4339.981084] /dev/input/event0: 0000 0000 00000000
[    4339.996856] /dev/input/event0: 0003 0000 000001e8
[    4339.996898] /dev/input/event0: 0003 0001 0000008c
[    4339.996933] /dev/input/event0: 0000 0000 00000000
[    4339.996968] /dev/input/event0: 0003 0000 000001ec
[    4339.996986] /dev/input/event0: 0000 0000 00000000
[    4340.012828] /dev/input/event0: 0003 0000 000001f2
[    4340.012870] /dev/input/event0: 0000 0000 00000000
[    4340.012904] /dev/input/event0: 0003 0000 000001f5
[    4340.012922] /dev/input/event0: 0000 0000 00000000
[    4340.028845] /dev/input/event0: 0003 0000 000001fb
[    4340.028867] /dev/input/event0: 0003 0001 0000008a
[    4340.028889] /dev/input/event0: 0000 0000 00000000
[    4340.028923] /dev/input/event0: 0003 0000 000001ff
[    4340.028941] /dev/input/event0: 0000 0000 00000000
[    4340.044898] /dev/input/event0: 0003 0000 00000205
[    4340.044949] /dev/input/event0: 0000 0000 00000000
[    4340.044991] /dev/input/event0: 0003 0000 00000209
[    4340.045010] /dev/input/event0: 0000 0000 00000000
[    4340.060903] /dev/input/event0: 0003 0000 0000020e
[    4340.060927] /dev/input/event0: 0003 0001 00000088
[    4340.060948] /dev/input/event0: 0000 0000 00000000
[    4340.060978] /dev/input/event0: 0003 0000 00000212
[    4340.060986] /dev/input/event0: 0003 0001 00000086
[    4340.061001] /dev/input/event0: 0000 0000 00000000
[    4340.076776] /dev/input/event0: 0003 0000 00000216
[    4340.076825] /dev/input/event0: 0000 0000 00000000
[    4340.076861] /dev/input/event0: 0003 0000 0000021a
[    4340.076879] /dev/input/event0: 0000 0000 00000000
[    4340.096826] /dev/input/event0: 0003 0000 0000021c
[    4340.096876] /dev/input/event0: 0000 0000 00000000
[    4340.096911] /dev/input/event0: 0003 0000 00000222
[    4340.096929] /dev/input/event0: 0000 0000 00000000
[    4340.096943] /dev/input/event0: 0003 0000 00000226
[    4340.096959] /dev/input/event0: 0000 0000 00000000
[    4340.112757] /dev/input/event0: 0003 0000 00000229
[    4340.112805] /dev/input/event0: 0000 0000 00000000
[    4340.112840] /dev/input/event0: 0003 0000 0000022d
[    4340.112858] /dev/input/event0: 0000 0000 00000000
[    4340.128744] /dev/input/event0: 0003 0000 00000231
[    4340.128792] /dev/input/event0: 0000 0000 00000000
[    4340.128825] /dev/input/event0: 0003 0000 00000237
[    4340.128843] /dev/input/event0: 0000 0000 00000000
[    4340.144799] /dev/input/event0: 0003 0000 0000023b
[    4340.144839] /dev/input/event0: 0000 0000 00000000
[    4340.144874] /dev/input/event0: 0003 0000 00000240
[    4340.144892] /dev/input/event0: 0000 0000 00000000
[    4340.160758] /dev/input/event0: 0003 0000 00000244
[    4340.160794] /dev/input/event0: 0000 0000 00000000
[    4340.160827] /dev/input/event0: 0003 0000 00000246
[    4340.160846] /dev/input/event0: 0000 0000 00000000
[    4340.176667] /dev/input/event0: 0003 0000 0000024a
[    4340.176713] /dev/input/event0: 0000 0000 00000000
[    4340.176745] /dev/input/event0: 0003 0000 0000024e
[    4340.176764] /dev/input/event0: 0000 0000 00000000
[    4340.192662] /dev/input/event0: 0003 0000 00000250
[    4340.192688] /dev/input/event0: 0003 0001 00000084
[    4340.192711] /dev/input/event0: 0000 0000 00000000
[    4340.192746] /dev/input/event0: 0003 0000 00000252
[    4340.192764] /dev/input/event0: 0000 0000 00000000
[    4340.212257] /dev/input/event0: 0003 0000 00000254
[    4340.212309] /dev/input/event0: 0000 0000 00000000
[    4340.227816] /dev/input/event0: 0003 0000 00000256
[    4340.227870] /dev/input/event0: 0000 0000 00000000
[    4340.261745] /dev/input/event0: 0003 0000 00000258
[    4340.261804] /dev/input/event0: 0000 0000 00000000
[    4340.315899] /dev/input/event0: 0003 0000 00000259
[    4340.315970] /dev/input/event0: 0000 0000 00000000
[    4340.332515] /dev/input/event0: 0003 0000 0000025b
[    4340.332558] /dev/input/event0: 0000 0000 00000000
[    4340.332592] /dev/input/event0: 0003 0000 0000025d
[    4340.332600] /dev/input/event0: 0003 0001 00000082
[    4340.332615] /dev/input/event0: 0000 0000 00000000
[    4340.366531] /dev/input/event0: 0003 0000 0000025f
[    4340.366579] /dev/input/event0: 0000 0000 00000000
[    4340.383472] /dev/input/event0: 0003 0000 00000261
[    4340.383523] /dev/input/event0: 0000 0000 00000000
[    4340.400540] /dev/input/event0: 0003 0000 00000263
[    4340.400582] /dev/input/event0: 0000 0000 00000000
[    4340.748186] /dev/input/event0: 0003 0001 00000084
[    4340.748222] /dev/input/event0: 0000 0000 00000000
[    4340.748261] /dev/input/event0: 0003 0001 00000088
[    4340.748276] /dev/input/event0: 0000 0000 00000000
[    4340.764139] /dev/input/event0: 0003 0001 0000008c
[    4340.764176] /dev/input/event0: 0000 0000 00000000
[    4340.764216] /dev/input/event0: 0003 0001 00000090
[    4340.764231] /dev/input/event0: 0000 0000 00000000
[    4340.780134] /dev/input/event0: 0003 0001 00000094
[    4340.780161] /dev/input/event0: 0000 0000 00000000
[    4340.780195] /dev/input/event0: 0003 0001 00000097
[    4340.780210] /dev/input/event0: 0000 0000 00000000
[    4340.796110] /dev/input/event0: 0003 0001 0000009b
[    4340.796147] /dev/input/event0: 0000 0000 00000000
[    4340.796185] /dev/input/event0: 0003 0001 000000a1
[    4340.796201] /dev/input/event0: 0000 0000 00000000
[    4340.812069] /dev/input/event0: 0003 0001 000000a5
[    4340.812105] /dev/input/event0: 0000 0000 00000000
[    4340.812143] /dev/input/event0: 0003 0001 000000a9
[    4340.812157] /dev/input/event0: 0000 0000 00000000
[    4340.828076] /dev/input/event0: 0003 0001 000000ab
[    4340.828114] /dev/input/event0: 0000 0000 00000000
[    4340.828150] /dev/input/event0: 0003 0001 000000ad
[    4340.828165] /dev/input/event0: 0000 0000 00000000
[    4340.844020] /dev/input/event0: 0003 0001 000000b0
[    4340.844056] /dev/input/event0: 0000 0000 00000000
[    4340.844095] /dev/input/event0: 0003 0001 000000b4
[    4340.844109] /dev/input/event0: 0000 0000 00000000
[    4340.860049] /dev/input/event0: 0003 0001 000000b6
[    4340.860090] /dev/input/event0: 0000 0000 00000000
[    4340.860132] /dev/input/event0: 0003 0001 000000ba
[    4340.860148] /dev/input/event0: 0000 0000 00000000
[    4340.876002] /dev/input/event0: 0003 0001 000000bc
[    4340.876039] /dev/input/event0: 0000 0000 00000000
[    4340.876073] /dev/input/event0: 0003 0001 000000c0
[    4340.876088] /dev/input/event0: 0000 0000 00000000
[    4340.891968] /dev/input/event0: 0003 0001 000000c2
[    4340.892001] /dev/input/event0: 0000 0000 00000000
[    4340.892039] /dev/input/event0: 0003 0001 000000c6
[    4340.892054] /dev/input/event0: 0000 0000 00000000
[    4340.908002] /dev/input/event0: 0003 0001 000000c9
[    4340.908041] /dev/input/event0: 0000 0000 00000000
[    4340.908097] /dev/input/event0: 0003 0001 000000cb
[    4340.908112] /dev/input/event0: 0000 0000 00000000
[    4340.923966] /dev/input/event0: 0003 0001 000000cd
[    4340.924002] /dev/input/event0: 0000 0000 00000000
[    4340.924041] /dev/input/event0: 0003 0001 000000d1
[    4340.924056] /dev/input/event0: 0000 0000 00000000
[    4340.939931] /dev/input/event0: 0003 0001 000000d5
[    4340.939973] /dev/input/event0: 0000 0000 00000000
[    4340.940012] /dev/input/event0: 0003 0001 000000d7
[    4340.940027] /dev/input/event0: 0000 0000 00000000
[    4340.955989] /dev/input/event0: 0003 0001 000000db
[    4340.956019] /dev/input/event0: 0000 0000 00000000
[    4340.956059] /dev/input/event0: 0003 0001 000000df
[    4340.956074] /dev/input/event0: 0000 0000 00000000
[    4340.971907] /dev/input/event0: 0003 0001 000000e1
[    4340.971939] /dev/input/event0: 0000 0000 00000000
[    4340.971973] /dev/input/event0: 0003 0001 000000e4
[    4340.971988] /dev/input/event0: 0000 0000 00000000
[    4340.987871] /dev/input/event0: 0003 0001 000000e6
[    4340.987907] /dev/input/event0: 0000 0000 00000000
[    4340.987944] /dev/input/event0: 0003 0001 000000ea
[    4340.987959] /dev/input/event0: 0000 0000 00000000
[    4341.003840] /dev/input/event0: 0003 0001 000000ee
[    4341.003872] /dev/input/event0: 0000 0000 00000000
[    4341.003910] /dev/input/event0: 0003 0001 000000f2
[    4341.003924] /dev/input/event0: 0000 0000 00000000
[    4341.019856] /dev/input/event0: 0003 0001 000000f6
[    4341.019894] /dev/input/event0: 0000 0000 00000000
[    4341.019933] /dev/input/event0: 0003 0001 000000fa
[    4341.019948] /dev/input/event0: 0000 0000 00000000
[    4341.035851] /dev/input/event0: 0003 0001 000000fd
[    4341.035883] /dev/input/event0: 0000 0000 00000000
[    4341.035919] /dev/input/event0: 0003 0001 00000101
[    4341.035932] /dev/input/event0: 0000 0000 00000000
[    4341.051808] /dev/input/event0: 0003 0001 00000105
[    4341.051841] /dev/input/event0: 0000 0000 00000000
[    4341.051877] /dev/input/event0: 0003 0001 00000107
[    4341.051891] /dev/input/event0: 0000 0000 00000000
[    4341.067862] /dev/input/event0: 0003 0001 0000010b
[    4341.067895] /dev/input/event0: 0000 0000 00000000
[    4341.067936] /dev/input/event0: 0003 0001 0000010f
[    4341.067951] /dev/input/event0: 0000 0000 00000000
[    4341.083810] /dev/input/event0: 0003 0001 00000111
[    4341.083843] /dev/input/event0: 0000 0000 00000000
[    4341.083881] /dev/input/event0: 0003 0001 00000114
[    4341.083896] /dev/input/event0: 0000 0000 00000000
[    4341.102860] /dev/input/event0: 0003 0001 00000116
[    4341.102892] /dev/input/event0: 0000 0000 00000000
[    4341.102932] /dev/input/event0: 0003 0001 0000011a
[    4341.102946] /dev/input/event0: 0000 0000 00000000
[    4341.102964] /dev/input/event0: 0003 0001 0000011c
[    4341.102987] /dev/input/event0: 0000 0000 00000000
[    4341.118712] /dev/input/event0: 0003 0000 00000265
[    4341.118739] /dev/input/event0: 0003 0001 00000120
[    4341.118762] /dev/input/event0: 0000 0000 00000000
[    4341.118797] /dev/input/event0: 0003 0001 00000122
[    4341.118811] /dev/input/event0: 0000 0000 00000000
[    4341.134783] /dev/input/event0: 0003 0001 00000126
[    4341.134818] /dev/input/event0: 0000 0000 00000000
[    4341.134856] /dev/input/event0: 0003 0001 0000012a
[    4341.134871] /dev/input/event0: 0000 0000 00000000
[    4341.150762] /dev/input/event0: 0003 0001 0000012c
[    4341.150790] /dev/input/event0: 0000 0000 00000000
[    4341.150825] /dev/input/event0: 0003 0001 0000012d
[    4341.150839] /dev/input/event0: 0000 0000 00000000
[    4341.166718] /dev/input/event0: 0003 0001 00000131
[    4341.166753] /dev/input/event0: 0000 0000 00000000
[    4341.166789] /dev/input/event0: 0003 0001 00000133
[    4341.166804] /dev/input/event0: 0000 0000 00000000
[    4341.182708] /dev/input/event0: 0003 0001 00000137
[    4341.182746] /dev/input/event0: 0000 0000 00000000
[    4341.182787] /dev/input/event0: 0003 0001 00000139
[    4341.182802] /dev/input/event0: 0000 0000 00000000
[    4341.198676] /dev/input/event0: 0003 0001 0000013b
[    4341.198713] /dev/input/event0: 0000 0000 00000000
[    4341.198750] /dev/input/event0: 0003 0001 0000013d
[    4341.198765] /dev/input/event0: 0000 0000 00000000
[    4341.214682] /dev/input/event0: 0003 0001 0000013f
[    4341.214719] /dev/input/event0: 0000 0000 00000000
[    4341.233186] /dev/input/event0: 0003 0000 00000267
[    4341.233216] /dev/input/event0: 0003 0001 00000141
[    4341.233249] /dev/input/event0: 0000 0000 00000000
[    4341.233288] /dev/input/event0: 0003 0001 00000143
[    4341.233312] /dev/input/event0: 0000 0000 00000000
[    4341.249654] /dev/input/event0: 0003 0001 00000145
[    4341.249691] /dev/input/event0: 0000 0000 00000000
[    4341.249728] /dev/input/event0: 0003 0001 00000148
[    4341.249742] /dev/input/event0: 0000 0000 00000000
[    4341.266839] /dev/input/event0: 0003 0001 0000014a
[    4341.266883] /dev/input/event0: 0000 0000 00000000
[    4341.266926] /dev/input/event0: 0003 0001 0000014e
[    4341.266941] /dev/input/event0: 0000 0000 00000000
[    4341.283721] /dev/input/event0: 0003 0001 00000152
[    4341.283762] /dev/input/event0: 0000 0000 00000000
[    4341.283802] /dev/input/event0: 0003 0001 00000154
[    4341.283816] /dev/input/event0: 0000 0000 00000000
[    4341.300650] /dev/input/event0: 0003 0001 00000158
[    4341.300679] /dev/input/event0: 0000 0000 00000000
[    4341.300712] /dev/input/event0: 0003 0000 00000269
[    4341.300720] /dev/input/event0: 0003 0001 0000015c
[    4341.300734] /dev/input/event0: 0000 0000 00000000
[    4341.317567] /dev/input/event0: 0003 0001 0000015e
[    4341.317616] /dev/input/event0: 0000 0000 00000000
[    4341.317669] /dev/input/event0: 0003 0001 00000161
[    4341.317684] /dev/input/event0: 0000 0000 00000000
[    4341.334571] /dev/input/event0: 0003 0001 00000163
[    4341.334607] /dev/input/event0: 0000 0000 00000000
[    4341.334649] /dev/input/event0: 0003 0001 00000167
[    4341.334664] /dev/input/event0: 0000 0000 00000000
[    4341.334678] /dev/input/event0: 0003 0000 0000026b
[    4341.334686] /dev/input/event0: 0003 0001 0000016b
[    4341.334699] /dev/input/event0: 0000 0000 00000000
[    4341.351523] /dev/input/event0: 0003 0001 0000016d
[    4341.351561] /dev/input/event0: 0000 0000 00000000
[    4341.351600] /dev/input/event0: 0003 0001 00000171
[    4341.351615] /dev/input/event0: 0000 0000 00000000
[    4341.368522] /dev/input/event0: 0003 0001 00000175
[    4341.368558] /dev/input/event0: 0000 0000 00000000
[    4341.368595] /dev/input/event0: 0003 0001 00000178
[    4341.368610] /dev/input/event0: 0000 0000 00000000
[    4341.385492] /dev/input/event0: 0003 0001 0000017c
[    4341.385528] /dev/input/event0: 0000 0000 00000000
[    4341.385566] /dev/input/event0: 0003 0001 0000017e
[    4341.385581] /dev/input/event0: 0000 0000 00000000
[    4341.402513] /dev/input/event0: 0003 0000 0000026d
[    4341.402539] /dev/input/event0: 0003 0001 00000182
[    4341.402563] /dev/input/event0: 0000 0000 00000000
[    4341.402602] /dev/input/event0: 0003 0001 00000186
[    4341.402616] /dev/input/event0: 0000 0000 00000000
[    4341.421861] /dev/input/event0: 0003 0001 0000018a
[    4341.421913] /dev/input/event0: 0000 0000 00000000
[    4341.422006] /dev/input/event0: 0003 0001 0000018e
[    4341.422023] /dev/input/event0: 0000 0000 00000000
[    4341.438524] /dev/input/event0: 0003 0001 00000190
[    4341.438560] /dev/input/event0: 0000 0000 00000000
[    4341.438598] /dev/input/event0: 0003 0001 00000193
[    4341.438613] /dev/input/event0: 0000 0000 00000000
[    4341.438630] /dev/input/event0: 0003 0001 00000195
[    4341.438643] /dev/input/event0: 0000 0000 00000000
[    4341.455396] /dev/input/event0: 0003 0001 00000197
[    4341.455431] /dev/input/event0: 0000 0000 00000000
[    4341.472380] /dev/input/event0: 0003 0000 0000026f
[    4341.472408] /dev/input/event0: 0003 0001 00000199
[    4341.472432] /dev/input/event0: 0000 0000 00000000
[    4341.472467] /dev/input/event0: 0003 0001 0000019b
[    4341.472482] /dev/input/event0: 0000 0000 00000000
[    4341.489408] /dev/input/event0: 0003 0001 0000019d
[    4341.489448] /dev/input/event0: 0000 0000 00000000
[    4341.489490] /dev/input/event0: 0003 0001 000001a1
[    4341.489506] /dev/input/event0: 0000 0000 00000000
[    4341.506379] /dev/input/event0: 0003 0001 000001a3
[    4341.506414] /dev/input/event0: 0000 0000 00000000
[    4341.506452] /dev/input/event0: 0003 0001 000001a7
[    4341.506467] /dev/input/event0: 0000 0000 00000000
[    4341.523321] /dev/input/event0: 0003 0001 000001a9
[    4341.523353] /dev/input/event0: 0000 0000 00000000
[    4341.542490] /dev/input/event0: 0003 0001 000001aa
[    4341.542535] /dev/input/event0: 0000 0000 00000000
[    4341.542577] /dev/input/event0: 0003 0001 000001ac
[    4341.542592] /dev/input/event0: 0000 0000 00000000
[    4341.559308] /dev/input/event0: 0003 0001 000001ae
[    4341.559344] /dev/input/event0: 0000 0000 00000000
[    4341.576337] /dev/input/event0: 0003 0001 000001b0
[    4341.576370] /dev/input/event0: 0000 0000 00000000
[    4341.593322] /dev/input/event0: 0003 0001 000001b2
[    4341.593358] /dev/input/event0: 0000 0000 00000000
[    4341.610316] /dev/input/event0: 0003 0001 000001b4
[    4341.610344] /dev/input/event0: 0000 0000 00000000
[    4341.642249] /dev/input/event0: 0003 0001 000001b6
[    4341.642282] /dev/input/event0: 0000 0000 00000000
[    4341.658203] /dev/input/event0: 0003 0001 000001b8
[    4341.658256] /dev/input/event0: 0000 0000 00000000
[    4341.674222] /dev/input/event0: 0003 0001 000001ba
[    4341.674258] /dev/input/event0: 0000 0000 00000000
[    4341.708144] /dev/input/event0: 0003 0001 000001bc
[    4341.708179] /dev/input/event0: 0000 0000 00000000
[    4341.724165] /dev/input/event0: 0003 0000 0000026d
[    4341.724188] /dev/input/event0: 0003 0001 000001be
[    4341.724210] /dev/input/event0: 0000 0000 00000000
[    4341.804149] /dev/input/event0: 0003 0001 000001c0
[    4341.804185] /dev/input/event0: 0000 0000 00000000
[    4342.011846] /dev/input/event0: 0003 0001 000001c2
[    4342.011881] /dev/input/event0: 0000 0000 00000000
[    4342.011918] /dev/input/event0: 0003 0000 0000026b
[    4342.011937] /dev/input/event0: 0000 0000 00000000
[    4342.059808] /dev/input/event0: 0003 0000 00000269
[    4342.059854] /dev/input/event0: 0000 0000 00000000
[    4342.075790] /dev/input/event0: 0003 0000 00000267
[    4342.075832] /dev/input/event0: 0000 0000 00000000
[    4342.075867] /dev/input/event0: 0003 0000 00000261
[    4342.075886] /dev/input/event0: 0000 0000 00000000
[    4342.091800] /dev/input/event0: 0003 0000 0000025d
[    4342.091839] /dev/input/event0: 0000 0000 00000000
[    4342.091873] /dev/input/event0: 0003 0000 00000259
[    4342.091882] /dev/input/event0: 0003 0001 000001c3
[    4342.091896] /dev/input/event0: 0000 0000 00000000
[    4342.107812] /dev/input/event0: 0003 0000 00000256
[    4342.107852] /dev/input/event0: 0000 0000 00000000
[    4342.107887] /dev/input/event0: 0003 0000 00000250
[    4342.107905] /dev/input/event0: 0000 0000 00000000
[    4342.123787] /dev/input/event0: 0003 0000 0000024c
[    4342.123810] /dev/input/event0: 0003 0001 000001c5
[    4342.123831] /dev/input/event0: 0000 0000 00000000
[    4342.123866] /dev/input/event0: 0003 0000 00000244
[    4342.123884] /dev/input/event0: 0000 0000 00000000
[    4342.139774] /dev/input/event0: 0003 0000 0000023f
[    4342.139822] /dev/input/event0: 0000 0000 00000000
[    4342.139858] /dev/input/event0: 0003 0000 0000023b
[    4342.139876] /dev/input/event0: 0000 0000 00000000
[    4342.155694] /dev/input/event0: 0003 0000 00000233
[    4342.155737] /dev/input/event0: 0000 0000 00000000
[    4342.155771] /dev/input/event0: 0003 0000 0000022f
[    4342.155779] /dev/input/event0: 0003 0001 000001c7
[    4342.155793] /dev/input/event0: 0000 0000 00000000
[    4342.171746] /dev/input/event0: 0003 0000 00000229
[    4342.171791] /dev/input/event0: 0000 0000 00000000
[    4342.171832] /dev/input/event0: 0003 0000 00000224
[    4342.171851] /dev/input/event0: 0000 0000 00000000
[    4342.187674] /dev/input/event0: 0003 0000 00000220
[    4342.187716] /dev/input/event0: 0000 0000 00000000
[    4342.187751] /dev/input/event0: 0003 0000 0000021a
[    4342.187769] /dev/input/event0: 0000 0000 00000000
[    4342.203697] /dev/input/event0: 0003 0000 00000214
[    4342.203735] /dev/input/event0: 0000 0000 00000000
[    4342.203770] /dev/input/event0: 0003 0000 00000210
[    4342.203789] /dev/input/event0: 0000 0000 00000000
[    4342.219626] /dev/input/event0: 0003 0000 0000020d
[    4342.219655] /dev/input/event0: 0003 0001 000001c5
[    4342.219681] /dev/input/event0: 0000 0000 00000000
[    4342.219715] /dev/input/event0: 0003 0000 00000207
[    4342.219734] /dev/input/event0: 0000 0000 00000000
[    4342.235619] /dev/input/event0: 0003 0000 00000203
[    4342.235656] /dev/input/event0: 0000 0000 00000000
[    4342.235688] /dev/input/event0: 0003 0000 000001ff
[    4342.235706] /dev/input/event0: 0000 0000 00000000
[    4342.252643] /dev/input/event0: 0003 0000 000001f9
[    4342.252680] /dev/input/event0: 0000 0000 00000000
[    4342.252710] /dev/input/event0: 0003 0000 000001f7
[    4342.252728] /dev/input/event0: 0000 0000 00000000
[    4342.269610] /dev/input/event0: 0003 0000 000001f4
[    4342.269657] /dev/input/event0: 0000 0000 00000000
[    4342.269691] /dev/input/event0: 0003 0000 000001f0
[    4342.269704] /dev/input/event0: 0003 0001 000001c3
[    4342.269718] /dev/input/event0: 0000 0000 00000000
[    4342.286618] /dev/input/event0: 0003 0000 000001ec
[    4342.286661] /dev/input/event0: 0000 0000 00000000
[    4342.286695] /dev/input/event0: 0003 0000 000001ea
[    4342.286713] /dev/input/event0: 0000 0000 00000000
[    4342.286727] /dev/input/event0: 0003 0000 000001e4
[    4342.286743] /dev/input/event0: 0000 0000 00000000
[    4342.303549] /dev/input/event0: 0003 0000 000001e0
[    4342.303596] /dev/input/event0: 0000 0000 00000000
[    4342.303631] /dev/input/event0: 0003 0000 000001dc
[    4342.303650] /dev/input/event0: 0000 0000 00000000
[    4342.320623] /dev/input/event0: 0003 0000 000001d9
[    4342.320664] /dev/input/event0: 0000 0000 00000000
[    4342.320699] /dev/input/event0: 0003 0000 000001d3
[    4342.320718] /dev/input/event0: 0000 0000 00000000
[    4342.337493] /dev/input/event0: 0003 0000 000001cd
[    4342.337538] /dev/input/event0: 0000 0000 00000000
[    4342.337570] /dev/input/event0: 0003 0000 000001c9
[    4342.337588] /dev/input/event0: 0000 0000 00000000
[    4342.355899] /dev/input/event0: 0003 0000 000001c3
[    4342.355947] /dev/input/event0: 0000 0000 00000000
[    4342.355982] /dev/input/event0: 0003 0000 000001be
[    4342.356000] /dev/input/event0: 0000 0000 00000000
[    4342.372530] /dev/input/event0: 0003 0000 000001b6
[    4342.372575] /dev/input/event0: 0000 0000 00000000
[    4342.372612] /dev/input/event0: 0003 0000 000001b2
[    4342.372631] /dev/input/event0: 0000 0000 00000000
[    4342.391301] /dev/input/event0: 0003 0000 000001aa
[    4342.391343] /dev/input/event0: 0000 0000 00000000
[    4342.391381] /dev/input/event0: 0003 0000 000001a7
[    4342.391400] /dev/input/event0: 0000 0000 00000000
[    4342.391414] /dev/input/event0: 0003 0000 000001a1
[    4342.391432] /dev/input/event0: 0000 0000 00000000
[    4342.407458] /dev/input/event0: 0003 0000 0000019d
[    4342.407489] /dev/input/event0: 0003 0001 000001c5
[    4342.407515] /dev/input/event0: 0000 0000 00000000
[    4342.407548] /dev/input/event0: 0003 0000 00000197
[    4342.407566] /dev/input/event0: 0000 0000 00000000
[    4342.424480] /dev/input/event0: 0003 0000 00000191
[    4342.424518] /dev/input/event0: 0000 0000 00000000
[    4342.424552] /dev/input/event0: 0003 0000 0000018e
[    4342.424570] /dev/input/event0: 0000 0000 00000000
[    4342.441457] /dev/input/event0: 0003 0000 00000188
[    4342.441494] /dev/input/event0: 0000 0000 00000000
[    4342.441527] /dev/input/event0: 0003 0000 00000182
[    4342.441544] /dev/input/event0: 0000 0000 00000000
[    4342.458418] /dev/input/event0: 0003 0000 0000017e
[    4342.458465] /dev/input/event0: 0000 0000 00000000
[    4342.458500] /dev/input/event0: 0003 0000 00000178
[    4342.458518] /dev/input/event0: 0000 0000 00000000
[    4342.475369] /dev/input/event0: 0003 0000 00000177
[    4342.475410] /dev/input/event0: 0000 0000 00000000
[    4342.475442] /dev/input/event0: 0003 0000 00000171
[    4342.475460] /dev/input/event0: 0000 0000 00000000
[    4342.492387] /dev/input/event0: 0003 0000 0000016d
[    4342.492423] /dev/input/event0: 0000 0000 00000000
[    4342.492454] /dev/input/event0: 0003 0000 00000169
[    4342.492482] /dev/input/event0: 0000 0000 00000000
[    4342.509347] /dev/input/event0: 0003 0000 00000165
[    4342.509376] /dev/input/event0: 0003 0001 000001c7
[    4342.509404] /dev/input/event0: 0000 0000 00000000
[    4342.509439] /dev/input/event0: 0003 0000 00000161
[    4342.509457] /dev/input/event0: 0000 0000 00000000
[    4342.528342] /dev/input/event0: 0003 0000 0000015c
[    4342.528401] /dev/input/event0: 0000 0000 00000000
[    4342.528467] /dev/input/event0: 0003 0000 00000158
[    4342.528495] /dev/input/event0: 0000 0000 00000000
[    4342.528509] /dev/input/event0: 0003 0000 00000154
[    4342.528525] /dev/input/event0: 0000 0000 00000000
[    4342.545329] /dev/input/event0: 0003 0000 0000014e
[    4342.545379] /dev/input/event0: 0000 0000 00000000
[    4342.545415] /dev/input/event0: 0003 0000 0000014a
[    4342.545433] /dev/input/event0: 0000 0000 00000000
[    4342.562341] /dev/input/event0: 0003 0000 00000145
[    4342.562385] /dev/input/event0: 0000 0000 00000000
[    4342.562420] /dev/input/event0: 0003 0000 00000141
[    4342.562438] /dev/input/event0: 0000 0000 00000000
[    4342.579304] /dev/input/event0: 0003 0000 0000013d
[    4342.579326] /dev/input/event0: 0003 0001 000001c9
[    4342.579349] /dev/input/event0: 0000 0000 00000000
[    4342.579384] /dev/input/event0: 0003 0000 00000139
[    4342.579402] /dev/input/event0: 0000 0000 00000000
[    4342.596326] /dev/input/event0: 0003 0000 00000137
[    4342.596365] /dev/input/event0: 0000 0000 00000000
[    4342.596398] /dev/input/event0: 0003 0000 00000135
[    4342.596416] /dev/input/event0: 0000 0000 00000000
[    4342.613250] /dev/input/event0: 0003 0000 00000131
[    4342.613299] /dev/input/event0: 0000 0000 00000000
[    4342.613334] /dev/input/event0: 0003 0000 0000012f
[    4342.613352] /dev/input/event0: 0000 0000 00000000
[    4342.630386] /dev/input/event0: 0003 0000 0000012d
[    4342.630424] /dev/input/event0: 0000 0000 00000000
[    4342.630457] /dev/input/event0: 0003 0000 0000012a
[    4342.630475] /dev/input/event0: 0000 0000 00000000
[    4342.630489] /dev/input/event0: 0003 0000 00000128
[    4342.630506] /dev/input/event0: 0000 0000 00000000
[    4342.647188] /dev/input/event0: 0003 0000 00000126
[    4342.647232] /dev/input/event0: 0000 0000 00000000
[    4342.663186] /dev/input/event0: 0003 0000 00000124
[    4342.663228] /dev/input/event0: 0000 0000 00000000
[    4342.698449] /dev/input/event0: 0003 0000 00000120
[    4342.698492] /dev/input/event0: 0000 0000 00000000
[    4342.698531] /dev/input/event0: 0003 0001 000001c7
[    4342.698547] /dev/input/event0: 0000 0000 00000000
[    4342.715124] /dev/input/event0: 0003 0000 0000011e
[    4342.715167] /dev/input/event0: 0000 0000 00000000
[    4342.731202] /dev/input/event0: 0003 0000 0000011a
[    4342.731240] /dev/input/event0: 0000 0000 00000000
[    4342.731272] /dev/input/event0: 0003 0000 00000118
[    4342.731281] /dev/input/event0: 0003 0001 000001c9
[    4342.731297] /dev/input/event0: 0000 0000 00000000
[    4342.747284] /dev/input/event0: 0003 0000 00000114
[    4342.747342] /dev/input/event0: 0000 0000 00000000
[    4342.747379] /dev/input/event0: 0003 0000 00000113
[    4342.747397] /dev/input/event0: 0000 0000 00000000
[    4342.763103] /dev/input/event0: 0003 0000 0000010f
[    4342.763150] /dev/input/event0: 0000 0000 00000000
[    4342.763183] /dev/input/event0: 0003 0000 0000010d
[    4342.763201] /dev/input/event0: 0000 0000 00000000
[    4342.779130] /dev/input/event0: 0003 0000 0000010b
[    4342.779190] /dev/input/event0: 0000 0000 00000000
[    4342.779236] /dev/input/event0: 0003 0000 00000109
[    4342.779265] /dev/input/event0: 0000 0000 00000000
[    4342.795254] /dev/input/event0: 0003 0000 00000107
[    4342.795295] /dev/input/event0: 0000 0000 00000000
[    4342.811105] /dev/input/event0: 0003 0000 00000103
[    4342.811127] /dev/input/event0: 0003 0001 000001cb
[    4342.811146] /dev/input/event0: 0000 0000 00000000
[    4342.827012] /dev/input/event0: 0003 0000 000000ff
[    4342.827058] /dev/input/event0: 0000 0000 00000000
[    4342.843095] /dev/input/event0: 0003 0001 000001c9
[    4342.843129] /dev/input/event0: 0000 0000 00000000
[    4342.843164] /dev/input/event0: 0003 0000 000000fd
[    4342.843181] /dev/input/event0: 0000 0000 00000000
[    4342.858974] /dev/input/event0: 0003 0000 000000fb
[    4342.859021] /dev/input/event0: 0000 0000 00000000
[    4342.859054] /dev/input/event0: 0003 0000 000000fa
[    4342.859073] /dev/input/event0: 0000 0000 00000000
[    4342.875019] /dev/input/event0: 0003 0000 000000f8
[    4342.875068] /dev/input/event0: 0000 0000 00000000
[    4342.875103] /dev/input/event0: 0003 0000 000000f6
[    4342.875125] /dev/input/event0: 0000 0000 00000000
[    4342.891042] /dev/input/event0: 0003 0000 000000f4
[    4342.891078] /dev/input/event0: 0000 0000 00000000
[    4342.891110] /dev/input/event0: 0003 0000 000000f2
[    4342.891127] /dev/input/event0: 0000 0000 00000000
[    4342.906944] /dev/input/event0: 0003 0000 000000f0
[    4342.906971] /dev/input/event0: 0003 0001 000001c7
[    4342.906997] /dev/input/event0: 0000 0000 00000000
[    4342.941240] /dev/input/event0: 0003 0000 000000ee
[    4342.941281] /dev/input/event0: 0000 0000 00000000
[    4342.956885] /dev/input/event0: 0003 0000 000000ec
[    4342.956932] /dev/input/event0: 0000 0000 00000000
[    4342.956968] /dev/input/event0: 0003 0001 000001c5
[    4342.956983] /dev/input/event0: 0000 0000 00000000
[    4342.972992] /dev/input/event0: 0003 0000 000000ea
[    4342.973041] /dev/input/event0: 0000 0000 00000000
[    4342.973072] /dev/input/event0: 0003 0000 000000e8
[    4342.973104] /dev/input/event0: 0000 0000 00000000
[    4343.004844] /dev/input/event0: 0003 0000 000000e6
[    4343.004891] /dev/input/event0: 0000 0000 00000000
[    4343.036810] /dev/input/event0: 0003 0000 000000e4
[    4343.036856] /dev/input/event0: 0000 0000 00000000
[    4343.055166] /dev/input/event0: 0003 0001 000001c3
[    4343.055221] /dev/input/event0: 0000 0000 00000000
[    4343.055262] /dev/input/event0: 0003 0000 000000e2
[    4343.055281] /dev/input/event0: 0000 0000 00000000
[    4343.071053] /dev/input/event0: 0003 0000 000000e1
[    4343.071097] /dev/input/event0: 0000 0000 00000000
[    4343.086972] /dev/input/event0: 0003 0000 000000df
[    4343.087023] /dev/input/event0: 0000 0000 00000000
[    4343.118927] /dev/input/event0: 0003 0001 000001c2
[    4343.118964] /dev/input/event0: 0000 0000 00000000
[    4343.230811] /dev/input/event0: 0003 0000 000000dd
[    4343.230849] /dev/input/event0: 0000 0000 00000000
[    4343.450526] /dev/input/event0: 0003 0001 000001c0
[    4343.450556] /dev/input/event0: 0000 0000 00000000
[    4343.467379] /dev/input/event0: 0003 0001 000001be
[    4343.467490] /dev/input/event0: 0000 0000 00000000
[    4343.467529] /dev/input/event0: 0003 0001 000001bc
[    4343.467544] /dev/input/event0: 0000 0000 00000000
[    4343.484550] /dev/input/event0: 0003 0001 000001b8
[    4343.484585] /dev/input/event0: 0000 0000 00000000
[    4343.484626] /dev/input/event0: 0003 0001 000001b6
[    4343.484642] /dev/input/event0: 0000 0000 00000000
[    4343.501458] /dev/input/event0: 0003 0000 000000df
[    4343.501481] /dev/input/event0: 0003 0001 000001b2
[    4343.501503] /dev/input/event0: 0000 0000 00000000
[    4343.501539] /dev/input/event0: 0003 0001 000001b0
[    4343.501553] /dev/input/event0: 0000 0000 00000000
[    4343.518460] /dev/input/event0: 0003 0001 000001ac
[    4343.518493] /dev/input/event0: 0000 0000 00000000
[    4343.518537] /dev/input/event0: 0003 0001 000001aa
[    4343.518551] /dev/input/event0: 0000 0000 00000000
[    4343.518565] /dev/input/event0: 0003 0000 000000e1
[    4343.518573] /dev/input/event0: 0003 0001 000001a7
[    4343.518586] /dev/input/event0: 0000 0000 00000000
[    4343.535343] /dev/input/event0: 0003 0001 000001a3
[    4343.535379] /dev/input/event0: 0000 0000 00000000
[    4343.535421] /dev/input/event0: 0003 0001 000001a1
[    4343.535436] /dev/input/event0: 0000 0000 00000000
[    4343.552297] /dev/input/event0: 0003 0000 000000e2
[    4343.552325] /dev/input/event0: 0003 0001 0000019b
[    4343.552349] /dev/input/event0: 0000 0000 00000000
[    4343.552383] /dev/input/event0: 0003 0001 00000199
[    4343.552398] /dev/input/event0: 0000 0000 00000000
[    4343.569285] /dev/input/event0: 0003 0000 000000e4
[    4343.569309] /dev/input/event0: 0003 0001 00000195
[    4343.569331] /dev/input/event0: 0000 0000 00000000
[    4343.569368] /dev/input/event0: 0003 0001 00000191
[    4343.569382] /dev/input/event0: 0000 0000 00000000
[    4343.586451] /dev/input/event0: 0003 0001 0000018e
[    4343.586492] /dev/input/event0: 0000 0000 00000000
[    4343.586541] /dev/input/event0: 0003 0000 000000e6
[    4343.586549] /dev/input/event0: 0003 0001 0000018c
[    4343.586563] /dev/input/event0: 0000 0000 00000000
[    4343.603284] /dev/input/event0: 0003 0001 00000188
[    4343.603323] /dev/input/event0: 0000 0000 00000000
[    4343.603363] /dev/input/event0: 0003 0001 00000186
[    4343.603378] /dev/input/event0: 0000 0000 00000000
[    4343.620290] /dev/input/event0: 0003 0000 000000e8
[    4343.620313] /dev/input/event0: 0003 0001 00000182
[    4343.620334] /dev/input/event0: 0000 0000 00000000
[    4343.620370] /dev/input/event0: 0003 0001 0000017e
[    4343.620385] /dev/input/event0: 0000 0000 00000000
[    4343.636402] /dev/input/event0: 0003 0001 0000017c
[    4343.636445] /dev/input/event0: 0000 0000 00000000
[    4343.636486] /dev/input/event0: 0003 0001 00000178
[    4343.636501] /dev/input/event0: 0000 0000 00000000
[    4343.653323] /dev/input/event0: 0003 0001 00000177
[    4343.653362] /dev/input/event0: 0000 0000 00000000
[    4343.653399] /dev/input/event0: 0003 0000 000000ea
[    4343.653408] /dev/input/event0: 0003 0001 00000173
[    4343.653422] /dev/input/event0: 0000 0000 00000000
[    4343.670989] /dev/input/event0: 0003 0001 0000016f
[    4343.671024] /dev/input/event0: 0000 0000 00000000
[    4343.671066] /dev/input/event0: 0003 0001 0000016d
[    4343.671081] /dev/input/event0: 0000 0000 00000000
[    4343.687239] /dev/input/event0: 0003 0001 0000016b
[    4343.687277] /dev/input/event0: 0000 0000 00000000
[    4343.687316] /dev/input/event0: 0003 0001 00000169
[    4343.687331] /dev/input/event0: 0000 0000 00000000
[    4343.703389] /dev/input/event0: 0003 0001 00000167
[    4343.703427] /dev/input/event0: 0000 0000 00000000
[    4343.703469] /dev/input/event0: 0003 0001 00000165
[    4343.703484] /dev/input/event0: 0000 0000 00000000
[    4343.720393] /dev/input/event0: 0003 0001 00000163
[    4343.720425] /dev/input/event0: 0000 0000 00000000
[    4343.720463] /dev/input/event0: 0003 0001 00000161
[    4343.720477] /dev/input/event0: 0000 0000 00000000
[    4343.737300] /dev/input/event0: 0003 0001 0000015e
[    4343.737347] /dev/input/event0: 0000 0000 00000000
[    4343.737388] /dev/input/event0: 0003 0001 0000015c
[    4343.737403] /dev/input/event0: 0000 0000 00000000
[    4343.754334] /dev/input/event0: 0003 0000 000000ec
[    4343.754368] /dev/input/event0: 0003 0001 0000015a
[    4343.754394] /dev/input/event0: 0000 0000 00000000
[    4343.754438] /dev/input/event0: 0003 0001 00000156
[    4343.754453] /dev/input/event0: 0000 0000 00000000
[    4343.770160] /dev/input/event0: 0003 0001 00000154
[    4343.770215] /dev/input/event0: 0000 0000 00000000
[    4343.770272] /dev/input/event0: 0003 0001 00000152
[    4343.770286] /dev/input/event0: 0000 0000 00000000
[    4343.786102] /dev/input/event0: 0003 0001 00000150
[    4343.786137] /dev/input/event0: 0000 0000 00000000
[    4343.786174] /dev/input/event0: 0003 0001 0000014e
[    4343.786207] /dev/input/event0: 0000 0000 00000000
[    4343.802056] /dev/input/event0: 0003 0001 0000014a
[    4343.802088] /dev/input/event0: 0000 0000 00000000
[    4343.802123] /dev/input/event0: 0003 0001 00000148
[    4343.802137] /dev/input/event0: 0000 0000 00000000
[    4343.818031] /dev/input/event0: 0003 0001 00000146
[    4343.818144] /dev/input/event0: 0000 0000 00000000
[    4343.818198] /dev/input/event0: 0003 0001 00000145
[    4343.818222] /dev/input/event0: 0000 0000 00000000
[    4343.834022] /dev/input/event0: 0003 0001 00000141
[    4343.834057] /dev/input/event0: 0000 0000 00000000
[    4343.834094] /dev/input/event0: 0003 0001 0000013f
[    4343.834109] /dev/input/event0: 0000 0000 00000000
[    4343.850050] /dev/input/event0: 0003 0001 0000013d
[    4343.850083] /dev/input/event0: 0000 0000 00000000
[    4343.850120] /dev/input/event0: 0003 0001 0000013b
[    4343.850135] /dev/input/event0: 0000 0000 00000000
[    4343.869262] /dev/input/event0: 0003 0001 00000137
[    4343.869328] /dev/input/event0: 0000 0000 00000000
[    4343.869387] /dev/input/event0: 0003 0001 00000135
[    4343.869403] /dev/input/event0: 0000 0000 00000000
[    4343.885138] /dev/input/event0: 0003 0001 00000133
[    4343.885187] /dev/input/event0: 0000 0000 00000000
[    4343.885227] /dev/input/event0: 0003 0001 00000131
[    4343.885242] /dev/input/event0: 0000 0000 00000000
[    4343.901038] /dev/input/event0: 0003 0001 0000012f
[    4343.901066] /dev/input/event0: 0000 0000 00000000
[    4343.901107] /dev/input/event0: 0003 0001 0000012d
[    4343.901124] /dev/input/event0: 0000 0000 00000000
[    4343.916970] /dev/input/event0: 0003 0001 0000012c
[    4343.917007] /dev/input/event0: 0000 0000 00000000
[    4343.917045] /dev/input/event0: 0003 0001 0000012a
[    4343.917059] /dev/input/event0: 0000 0000 00000000
[    4343.932947] /dev/input/event0: 0003 0001 00000128
[    4343.932984] /dev/input/event0: 0000 0000 00000000
[    4343.933022] /dev/input/event0: 0003 0001 00000126
[    4343.933036] /dev/input/event0: 0000 0000 00000000
[    4343.948933] /dev/input/event0: 0003 0001 00000124
[    4343.948968] /dev/input/event0: 0000 0000 00000000
[    4343.949004] /dev/input/event0: 0003 0001 00000122
[    4343.949019] /dev/input/event0: 0000 0000 00000000
[    4343.964896] /dev/input/event0: 0003 0001 00000120
[    4343.964931] /dev/input/event0: 0000 0000 00000000
[    4343.980985] /dev/input/event0: 0003 0001 0000011e
[    4343.981017] /dev/input/event0: 0000 0000 00000000
[    4343.981053] /dev/input/event0: 0003 0001 0000011a
[    4343.981069] /dev/input/event0: 0000 0000 00000000
[    4343.996914] /dev/input/event0: 0003 0001 00000118
[    4343.996957] /dev/input/event0: 0000 0000 00000000
[    4343.996993] /dev/input/event0: 0003 0001 00000116
[    4343.997008] /dev/input/event0: 0000 0000 00000000
[    4344.012919] /dev/input/event0: 0003 0001 00000114
[    4344.012957] /dev/input/event0: 0000 0000 00000000
[    4344.012997] /dev/input/event0: 0003 0001 00000113
[    4344.013011] /dev/input/event0: 0000 0000 00000000
[    4344.029134] /dev/input/event0: 0003 0001 0000010f
[    4344.029186] /dev/input/event0: 0000 0000 00000000
[    4344.029253] /dev/input/event0: 0003 0001 0000010d
[    4344.029278] /dev/input/event0: 0000 0000 00000000
[    4344.044840] /dev/input/event0: 0003 0001 0000010b
[    4344.044873] /dev/input/event0: 0000 0000 00000000
[    4344.044906] /dev/input/event0: 0003 0001 00000107
[    4344.044921] /dev/input/event0: 0000 0000 00000000
[    4344.060876] /dev/input/event0: 0003 0001 00000105
[    4344.060908] /dev/input/event0: 0000 0000 00000000
[    4344.060945] /dev/input/event0: 0003 0001 00000103
[    4344.060960] /dev/input/event0: 0000 0000 00000000
[    4344.076791] /dev/input/event0: 0003 0001 000000ff
[    4344.076832] /dev/input/event0: 0000 0000 00000000
[    4344.076871] /dev/input/event0: 0003 0001 000000fd
[    4344.076886] /dev/input/event0: 0000 0000 00000000
[    4344.092798] /dev/input/event0: 0003 0001 000000fb
[    4344.092834] /dev/input/event0: 0000 0000 00000000
[    4344.092870] /dev/input/event0: 0003 0001 000000f8
[    4344.092886] /dev/input/event0: 0000 0000 00000000
[    4344.108805] /dev/input/event0: 0003 0001 000000f6
[    4344.108843] /dev/input/event0: 0000 0000 00000000
[    4344.108879] /dev/input/event0: 0003 0000 000000ea
[    4344.108887] /dev/input/event0: 0003 0001 000000f2
[    4344.108901] /dev/input/event0: 0000 0000 00000000
[    4344.124724] /dev/input/event0: 0003 0001 000000ee
[    4344.124757] /dev/input/event0: 0000 0000 00000000
[    4344.140778] /dev/input/event0: 0003 0001 000000ec
[    4344.140806] /dev/input/event0: 0000 0000 00000000
[    4344.140841] /dev/input/event0: 0003 0001 000000ea
[    4344.140856] /dev/input/event0: 0000 0000 00000000
[    4344.156690] /dev/input/event0: 0003 0001 000000e8
[    4344.156724] /dev/input/event0: 0000 0000 00000000
[    4344.156762] /dev/input/event0: 0003 0001 000000e6
[    4344.156777] /dev/input/event0: 0000 0000 00000000
[    4344.178248] /dev/input/event0: 0003 0001 000000e4
[    4344.178291] /dev/input/event0: 0000 0000 00000000
[    4344.178347] /dev/input/event0: 0003 0001 000000e2
[    4344.178363] /dev/input/event0: 0000 0000 00000000
[    4344.178383] /dev/input/event0: 0003 0001 000000e1
[    4344.178398] /dev/input/event0: 0000 0000 00000000
[    4344.193732] /dev/input/event0: 0003 0001 000000df
[    4344.193764] /dev/input/event0: 0000 0000 00000000
[    4344.209662] /dev/input/event0: 0003 0001 000000dd
[    4344.209699] /dev/input/event0: 0000 0000 00000000
[    4344.209738] /dev/input/event0: 0003 0001 000000db
[    4344.209752] /dev/input/event0: 0000 0000 00000000
[    4344.225629] /dev/input/event0: 0003 0001 000000d9
[    4344.225673] /dev/input/event0: 0000 0000 00000000
[    4344.225709] /dev/input/event0: 0003 0001 000000d7
[    4344.225723] /dev/input/event0: 0000 0000 00000000
[    4344.242687] /dev/input/event0: 0003 0001 000000d5
[    4344.242722] /dev/input/event0: 0000 0000 00000000
[    4344.242761] /dev/input/event0: 0003 0001 000000d3
[    4344.242776] /dev/input/event0: 0000 0000 00000000
[    4344.259613] /dev/input/event0: 0003 0001 000000cf
[    4344.259652] /dev/input/event0: 0000 0000 00000000
[    4344.276615] /dev/input/event0: 0003 0001 000000cd
[    4344.276652] /dev/input/event0: 0000 0000 00000000
[    4344.293579] /dev/input/event0: 0003 0001 000000c9
[    4344.293617] /dev/input/event0: 0000 0000 00000000
[    4344.310669] /dev/input/event0: 0003 0001 000000c8
[    4344.310699] /dev/input/event0: 0000 0000 00000000
[    4344.310738] /dev/input/event0: 0003 0001 000000c6
[    4344.310753] /dev/input/event0: 0000 0000 00000000
[    4344.310774] /dev/input/event0: 0003 0001 000000c4
[    4344.310788] /dev/input/event0: 0000 0000 00000000
[    4344.331868] /dev/input/event0: 0003 0001 000000c2
[    4344.331904] /dev/input/event0: 0000 0000 00000000
[    4344.331950] /dev/input/event0: 0003 0001 000000c0
[    4344.331965] /dev/input/event0: 0000 0000 00000000
[    4344.348512] /dev/input/event0: 0003 0001 000000be
[    4344.348545] /dev/input/event0: 0000 0000 00000000
[    4344.348581] /dev/input/event0: 0003 0001 000000bc
[    4344.348596] /dev/input/event0: 0000 0000 00000000
[    4344.365512] /dev/input/event0: 0003 0001 000000ba
[    4344.365547] /dev/input/event0: 0000 0000 00000000
[    4344.365585] /dev/input/event0: 0003 0001 000000b8
[    4344.365600] /dev/input/event0: 0000 0000 00000000
[    4344.382566] /dev/input/event0: 0003 0001 000000b6
[    4344.382606] /dev/input/event0: 0000 0000 00000000
[    4344.382649] /dev/input/event0: 0003 0001 000000b4
[    4344.382665] /dev/input/event0: 0000 0000 00000000
[    4344.399454] /dev/input/event0: 0003 0001 000000b2
[    4344.399491] /dev/input/event0: 0000 0000 00000000
[    4344.399530] /dev/input/event0: 0003 0001 000000b0
[    4344.399545] /dev/input/event0: 0000 0000 00000000
[    4344.399563] /dev/input/event0: 0003 0001 000000af
[    4344.399576] /dev/input/event0: 0000 0000 00000000
[    4344.416468] /dev/input/event0: 0003 0001 000000ad
[    4344.416499] /dev/input/event0: 0000 0000 00000000
[    4344.433481] /dev/input/event0: 0003 0001 000000ab
[    4344.433511] /dev/input/event0: 0000 0000 00000000
[    4344.450572] /dev/input/event0: 0003 0001 000000a9
[    4344.450604] /dev/input/event0: 0000 0000 00000000
[    4344.450642] /dev/input/event0: 0003 0001 000000a7
[    4344.450656] /dev/input/event0: 0000 0000 00000000
[    4344.472015] /dev/input/event0: 0003 0001 000000a5
[    4344.472057] /dev/input/event0: 0000 0000 00000000
[    4344.831169] /dev/input/event0: 0001 014a 00000000
[    4344.831193] /dev/input/event0: 0000 0000 00000000
